NbRequestSent;Timestamp;NbRequestReceived
1;128;1
2;131;2
3;140;2
4;143;2
5;146;2
6;149;3
7;151;3
8;154;3
9;160;4
10;162;4
11;165;4
12;167;5
13;171;5
14;173;6
15;178;6
16;181;6
17;184;7
18;186;7
19;188;7
20;191;8
21;196;8
22;199;9
23;202;9
24;204;9
25;206;10
26;209;10
27;214;10
28;217;11
29;219;11
30;221;12
31;223;12
32;225;12
33;229;13
34;232;13
35;234;14
36;236;14
37;239;14
38;241;15
39;244;15
40;247;15
41;249;16
42;253;16
43;256;17
44;261;17
45;264;17
46;266;18
47;268;18
48;270;18
49;273;19
50;278;19
51;281;20
52;283;20
53;287;20
54;289;20
55;291;21
56;295;21
57;302;21
58;304;22
59;306;22
60;308;22
61;310;23
62;312;23
63;319;23
64;323;24
65;326;24
66;329;24
67;332;25
68;334;25
69;338;25
70;340;26
71;342;26
72;344;26
73;347;27
74;350;27
75;353;27
76;357;28
77;360;28
78;364;28
79;367;29
80;370;29
81;375;29
82;377;30
83;381;30
84;383;30
85;385;31
86;387;31
87;392;31
88;394;32
89;396;32
90;398;32
91;400;33
92;403;33
93;405;33
94;409;34
95;411;34
96;414;34
97;416;35
98;418;35
99;420;35
100;424;36
101;426;36
102;428;36
103;430;37
104;432;37
105;435;37
106;444;37
107;448;38
108;452;38
109;455;38
110;457;39
111;461;39
112;464;39
113;466;40
114;468;40
115;470;40
116;473;40
117;477;41
118;479;41
119;482;41
120;484;42
121;487;42
122;492;42
123;495;42
124;498;43
125;500;43
126;503;43
127;505;44
128;513;44
129;518;44
130;522;45
131;525;45
132;531;45
133;534;45
134;539;45
135;543;46
136;554;46
137;558;47
138;564;47
139;569;47
140;571;48
141;574;48
142;576;48
143;579;48
144;581;49
145;587;49
146;589;49
147;591;49
148;593;50
149;595;50
150;599;50
151;602;50
152;607;51
153;610;51
154;621;51
155;624;52
156;629;52
157;632;53
158;635;53
159;637;53
160;642;54
161;644;54
162;650;54
163;655;55
164;658;55
165;664;56
166;669;56
167;674;56
168;678;57
169;681;57
170;683;57
171;685;58
172;688;58
173;696;58
174;700;59
175;702;59
176;704;59
177;706;59
178;711;60
179;714;60
180;716;60
181;718;61
182;720;61
183;722;61
184;725;62
185;733;62
186;736;62
187;740;63
188;743;63
189;745;63
190;755;64
191;758;64
192;760;64
193;763;64
194;767;65
195;771;65
196;773;65
197;776;65
198;778;66
199;781;66
200;783;66
201;786;67
202;792;67
203;794;67
204;796;67
205;798;68
206;800;68
207;812;68
208;819;68
209;821;69
210;825;69
211;829;69
212;839;69
213;843;70
214;849;70
215;857;70
216;863;71
217;875;71
218;878;71
219;884;72
220;888;72
221;895;72
222;900;72
223;904;73
224;915;73
225;921;73
226;924;73
227;928;74
228;933;74
229;941;74
230;945;75
231;950;75
232;953;75
233;955;75
234;960;76
235;966;76
236;970;76
237;974;77
238;978;77
239;987;77
240;991;77
241;994;78
242;998;78
243;1002;78
244;1010;79
245;1014;79
246;1019;79
247;1021;79
248;1026;80
249;1031;80
250;1034;80
251;1043;80
252;1047;81
253;1051;81
254;1055;81
255;1057;82
256;1064;82
257;1068;82
258;1072;82
259;1075;83
260;1083;83
261;1086;83
262;1089;84
263;1093;84
264;1097;84
265;1100;85
266;1104;85
267;1112;85
268;1116;85
269;1120;86
270;1123;86
271;1127;86
272;1139;86
273;1141;87
274;1145;87
275;1150;87
276;1154;87
277;1163;88
278;1169;88
279;1172;88
280;1176;89
281;1180;89
282;1189;89
283;1193;89
284;1196;90
285;1199;90
286;1202;90
287;1211;90
288;1216;91
289;1219;91
290;1222;91
291;1225;91
292;1228;92
293;1238;92
294;1242;92
295;1245;92
296;1248;93
297;1251;93
298;1254;93
299;1260;94
300;1264;94
301;1268;94
302;1270;94
303;1274;95
304;1284;95
305;1286;95
306;1289;95
307;1291;96
308;1296;96
309;1299;96
310;1302;96
311;1305;97
312;1309;97
313;1315;97
314;1318;97
315;1321;98
316;1324;98
317;1327;98
318;1334;98
319;1340;99
320;1343;99
321;1346;99
322;1349;99
323;1353;100
324;1356;100
325;1359;100
326;1362;100
327;1364;101
328;1370;101
329;1373;101
330;1375;101
331;1378;102
332;1381;102
333;1386;102
334;1388;102
335;1390;103
336;1393;103
337;1395;103
338;1400;103
339;1403;104
340;1406;104
341;1408;104
342;1411;104
343;1416;105
344;1419;105
345;1421;105
346;1423;105
347;1425;106
348;1429;106
349;1432;106
350;1434;106
351;1436;107
352;1439;107
353;1441;107
354;1447;107
355;1450;108
356;1452;108
357;1454;108
358;1456;108
359;1460;109
360;1462;109
361;1465;109
362;1467;109
363;1469;110
364;1474;110
365;1477;110
366;1479;110
367;1481;110
368;1483;111
369;1485;111
370;1487;111
371;1492;111
372;1494;112
373;1497;112
374;1499;112
375;1501;112
376;1507;113
377;1509;113
378;1511;113
379;1513;113
380;1516;114
381;1520;114
382;1522;114
383;1524;114
384;1526;115
385;1528;115
386;1531;115
387;1536;115
388;1539;115
389;1541;116
390;1543;116
391;1546;116
392;1551;116
393;1553;117
394;1555;117
395;1558;117
396;1560;117
397;1565;117
398;1567;118
399;1570;118
400;1573;118
401;1575;118
402;1577;118
403;1579;119
404;1591;119
405;1593;119
406;1605;120
407;1609;120
408;1611;121
409;1614;121
410;1616;121
411;1618;121
412;1621;121
413;1626;122
414;1629;122
415;1631;122
416;1633;122
417;1636;123
418;1642;123
419;1644;123
420;1647;124
421;1649;124
422;1652;124
423;1657;124
424;1660;124
425;1662;125
426;1664;125
427;1666;125
428;1669;125
429;1671;125
430;1676;126
431;1678;126
432;1681;126
433;1683;126
434;1688;127
435;1689;127
436;1691;127
437;1693;127
438;1695;128
439;1700;128
440;1702;128
441;1705;128
442;1707;128
443;1710;129
444;1712;129
445;1718;129
446;1720;130
447;1722;130
448;1725;130
449;1726;130
450;1732;130
451;1735;131
452;1737;131
453;1739;131
454;1742;131
455;1746;132
456;1749;132
457;1751;132
458;1753;132
459;1755;133
460;1757;133
461;1763;133
462;1766;133
463;1769;133
464;1772;134
465;1776;134
466;1782;134
467;1785;134
468;1787;134
469;1789;135
470;1791;135
471;1796;135
472;1798;135
473;1800;136
474;1803;136
475;1805;136
476;1811;136
477;1814;137
478;1816;137
479;1818;137
480;1821;137
481;1823;138
482;1828;138
483;1831;138
484;1833;138
485;1835;138
486;1838;139
487;1846;139
488;1849;139
489;1851;139
490;1853;140
491;1861;140
492;1864;140
493;1866;140
494;1869;141
495;1871;141
496;1873;141
497;1882;141
498;1884;141
499;1887;141
500;1889;142
501;1892;142
502;1896;142
503;1899;143
504;1902;143
505;1904;143
506;1907;143
507;1911;144
508;1914;144
509;1916;144
510;1918;144
511;1920;144
512;1923;145
513;1927;145
514;1929;145
515;1932;145
516;1935;146
517;1940;146
518;1943;146
519;1945;146
520;1947;147
521;1949;147
522;1955;147
523;1958;147
524;1960;147
525;1962;148
526;1965;148
527;1967;148
528;1974;148
529;1976;148
530;1979;149
531;1981;149
532;1984;149
533;1989;149
534;1991;150
535;1994;150
536;1998;150
537;2000;150
538;2005;150
539;2008;151
540;2010;151
541;2012;151
542;2015;151
543;2017;152
544;2022;152
545;2024;152
546;2026;152
547;2028;153
548;2034;153
549;2037;153
550;2039;153
551;2041;153
552;2043;154
553;2048;154
554;2050;154
555;2053;154
556;2055;154
557;2057;155
558;2062;155
559;2064;155
560;2066;155
561;2068;156
562;2071;156
563;2074;156
564;2078;156
565;2080;157
566;2082;157
567;2084;157
568;2086;157
569;2089;157
570;2091;158
571;2093;158
572;2095;158
573;2100;158
574;2103;158
575;2105;159
576;2107;159
577;2109;159
578;2111;159
579;2117;160
580;2119;160
581;2121;160
582;2123;160
583;2125;161
584;2129;161
585;2131;161
586;2133;161
587;2136;161
588;2138;162
589;2143;162
590;2145;162
591;2147;162
592;2150;162
593;2159;163
594;2161;163
595;2165;163
596;2168;163
597;2170;163
598;2172;163
599;2176;163
600;2178;163
