Timestamp;NbRequestReceived
485;1
488;2
489;3
491;4
493;5
495;6
508;7
516;8
518;9
519;10
526;11
532;12
534;13
559;14
585;15
590;16
598;17
600;18
621;19
626;20
633;21
635;22
646;23
648;24
671;25
676;26
679;27
692;28
695;29
712;30
715;31
726;32
730;33
742;34
744;35
755;36
757;37
766;38
768;39
791;40
796;41
798;42
802;43
804;44
808;45
811;46
825;47
830;48
847;49
851;50
862;51
866;52
878;53
880;54
895;55
897;56
916;57
918;58
936;59
941;60
944;61
957;62
959;63
968;64
972;65
995;66
998;67
1008;68
1012;69
1016;70
1028;71
1032;72
1058;73
1062;74
1077;75
1079;76
1084;77
1089;78
1097;79
1100;80
1124;81
1127;82
1157;83
1161;84
1173;85
1174;86
1177;87
1182;88
1184;89
1193;90
1199;91
1200;92
1228;93
1233;94
1256;95
1262;96
1265;97
1292;98
1298;99
1315;100
1318;101
1325;102
1328;103
1371;104
1376;105
1390;106
1393;107
1395;108
1402;109
1407;110
1424;111
1430;112
1460;113
1465;114
1478;115
1480;116
1487;117
1493;118
1495;119
1509;120
1515;121
1549;122
1553;123
1555;124
1570;125
1575;126
1588;127
1590;128
1609;129
1614;130
1623;131
1625;132
1646;133
1650;134
1651;135
1656;136
1659;137
1663;138
1665;139
1673;140
1679;141
1681;142
1693;143
1698;144
1715;145
1719;146
1761;147
1764;148
1766;149
1776;150
1779;151
1792;152
1798;153
1819;154
1823;155
1825;156
1838;157
1840;158
1862;159
1864;160
1866;161
1871;162
1872;163
1874;164
1879;165
1885;166
1901;167
1905;168
1907;169
1923;170
1928;171
1952;172
1955;173
1957;174
1969;175
1975;176
1985;177
1991;178
2010;179
2012;180
2030;181
2035;182
2048;183
2054;184
2081;185
2085;186
2097;187
2100;188
2107;189
2114;190
2117;191
2147;192
2152;193
2155;194
2163;195
2164;196
2166;197
2168;198
2169;199
2172;200
2176;201
2195;202
2198;203
2211;204
2213;205
2223;206
2228;207
2242;208
2244;209
2267;210
2271;211
2274;212
2282;213
2285;214
2287;215
2297;216
2301;217
2304;218
2323;219
2328;220
2339;221
2342;222
2366;223
2368;224
2379;225
2382;226
2389;227
2395;228
2398;229
2411;230
2418;231
2443;232
2448;233
2450;234
2458;235
2462;236
2465;237
2471;238
2483;239
2496;240
2500;241
2522;242
2526;243
2538;244
2542;245
2545;246
2559;247
2561;248
2566;249
2574;250
2585;251
2589;252
2595;253
2607;254
2611;255
2647;256
2654;257
2657;258
2670;259
2672;260
2674;261
2682;262
2683;263
2695;264
2702;265
2721;266
2730;267
2732;268
2757;269
2765;270
2786;271
2789;272
2791;273
2804;274
2810;275
2818;276
2821;277
2847;278
2848;279
2850;280
2855;281
2857;282
2859;283
2862;284
2876;285
2884;286
2885;287
2887;288
2889;289
2892;290
2896;291
2901;292
2911;293
2916;294
2927;295
2933;296
2937;297
2962;298
2968;299
